Ground truth: a1=0.400000, a2=0.600000, T1=50.000000, T2=70.000000
Model: AWGN , Estimator: rlse
snr = 20.000000, Nnoise = 100000, Nparallel=12, lambda =   0.000025118864, seed = 1
noise std sigma0 = 0.041482
Weight matrix: W(1,1) = 1.000000, W(2,2) = 1.000000, W(3,3) = 0.010000, W(4,4) = 0.010000
Method: E[g(y) grad(log(likelihood))]: S1=
	 0.448933	 0.332951	 -0.004435	 -0.000472
	 0.365820	 0.496327	 0.005358	 -0.000625
	 24.102333	 24.345952	 -0.065653	 0.154939
	 -7.688516	 -1.178351	 -0.360952	 1.049992
Sanity check = average grad log-likelihood = must be 0:
 -0.012799	 -0.015659	 -0.000066	 -0.000071	

Fisher Information Matrix and CRLB:
FIM = 
	 1016.943638	 1228.122163	 5.056081	 5.290313
	 1228.122163	 1524.965948	 6.912676	 7.645067
	 5.056081	 6.912676	 0.041133	 0.049979
	 5.290313	 7.645067	 0.049979	 0.065997

CRLB0 = FIM^(-1) = 
	 174.490544	 -175.184243	 4134.382036	 3175.205239
	 -175.184243	 175.884616	 -4152.157899	 -3187.267908
	 4134.382036	 -4152.157899	 98722.580959	 74811.115087
	 3175.205239	 -3187.267908	 74811.115087	 58049.210698

biased CRLB1 = S * FIM^(-1) * S^T = 
	 0.017673	 -0.020104	 0.867011	 4.029427
	 -0.020104	 0.068151	 -3.434497	 -15.523273
	 0.867011	 -3.434497	 177.990388	 792.899437
	 4.029427	 -15.523273	 792.899437	 3574.965295

