Ground truth: a1=0.400000, a2=0.600000, T1=50.000000, T2=70.000000
Model: AWGN , Estimator: rlse
snr = 20.000000, Nnoise = 100000, Nparallel=12, lambda =   0.000001318257, seed = 1
noise std sigma0 = 0.041482
Weight matrix: W(1,1) = 1.000000, W(2,2) = 1.000000, W(3,3) = 0.010000, W(4,4) = 0.010000
Method: E[g(y) grad(log(likelihood))]: S1=
	 0.361151	 0.262476	 -0.004022	 -0.000076
	 0.449841	 0.561916	 0.005115	 -0.001299
	 13.754044	 16.313805	 -0.034436	 0.238773
	 -7.576949	 -1.073472	 -0.360297	 1.048878
Sanity check = average grad log-likelihood = must be 0:
 -0.012799	 -0.015659	 -0.000066	 -0.000071	

Fisher Information Matrix and CRLB:
FIM = 
	 1016.943638	 1228.122163	 5.056081	 5.290313
	 1228.122163	 1524.965948	 6.912676	 7.645067
	 5.056081	 6.912676	 0.041133	 0.049979
	 5.290313	 7.645067	 0.049979	 0.065997

CRLB0 = FIM^(-1) = 
	 174.490544	 -175.184243	 4134.382036	 3175.205239
	 -175.184243	 175.884616	 -4152.157899	 -3187.267908
	 4134.382036	 -4152.157899	 98722.580959	 74811.115087
	 3175.205239	 -3187.267908	 74811.115087	 58049.210698

biased CRLB1 = S * FIM^(-1) * S^T = 
	 0.015315	 -0.018914	 0.807655	 3.805119
	 -0.018914	 0.067677	 -3.382213	 -15.465070
	 0.807655	 -3.382213	 172.881408	 785.046530
	 3.805119	 -15.465070	 785.046530	 3575.420946

