Ground truth: a1=0.400000, a2=0.600000, T1=50.000000, T2=70.000000
Model: AWGN , Estimator: rlse
snr = 20.000000, Nnoise = 100000, Nparallel=12, lambda =   0.000052480746, seed = 1
noise std sigma0 = 0.041482
Weight matrix: W(1,1) = 1.000000, W(2,2) = 1.000000, W(3,3) = 0.010000, W(4,4) = 0.010000
Method: E[g(y) grad(log(likelihood))]: S1=
	 0.503172	 0.377681	 -0.004485	 -0.000912
	 0.309486	 0.449908	 0.005404	 -0.000159
	 31.011506	 30.178881	 -0.069051	 0.102539
	 -7.747623	 -1.264894	 -0.361820	 1.049533
Sanity check = average grad log-likelihood = must be 0:
 -0.012799	 -0.015659	 -0.000066	 -0.000071	

Fisher Information Matrix and CRLB:
FIM = 
	 1016.943638	 1228.122163	 5.056081	 5.290313
	 1228.122163	 1524.965948	 6.912676	 7.645067
	 5.056081	 6.912676	 0.041133	 0.049979
	 5.290313	 7.645067	 0.049979	 0.065997

CRLB0 = FIM^(-1) = 
	 174.490544	 -175.184243	 4134.382036	 3175.205239
	 -175.184243	 175.884616	 -4152.157899	 -3187.267908
	 4134.382036	 -4152.157899	 98722.580959	 74811.115087
	 3175.205239	 -3187.267908	 74811.115087	 58049.210698

biased CRLB1 = S * FIM^(-1) * S^T = 
	 0.017042	 -0.019685	 0.833220	 4.029234
	 -0.019685	 0.067941	 -3.432341	 -15.509450
	 0.833220	 -3.432341	 180.061503	 792.060862
	 4.029234	 -15.509450	 792.060862	 3574.027925

